cat_num:20
title			weight
大码女装			4283204720740270094
毛针织衫			4283204720740270090
连衣裙			4283204720740270081
卫衣/绒衫			4283204720740270081
短外套			4283204720740270080
套装/学生校服/工作制服			4283204720740270080
羽绒服			4283204720740270080
中老年女装			4283204720740270080
吊带/背心/T恤			4283204720740270080
马夹			4283204720740270080
唐装/民族服装/舞台服装			4283204720740270080
西装			4283204720740270080
运动棉衣			4283204720740270080
运动套装			4283204720740270080
背心吊带			4283204720740270080
运动裤			4283204720740270080
婚纱/旗袍/礼服			4283204720740270080
运动马甲			4283204720740270080
衬衫			4283204720740270080
毛衣			4283204720740270080

item_num:1813
number			goodsId			score
1			32063128			4283204720740270094
2			32062189			4283204720740270090
3			32062153			4283204720740270089
4			32062150			4283204720740270081
5			32015185			4283204720740270081
6			32018239			4283204720740270081
7			32098163			4283204720740270080
8			32066242			4283204720740270080
9			32015154			4283204720740270080
10			32088170			4283204720740270080
11			32052126			4283204720740270080
12			32023149			4283204720740270080
13			32073219			4283204720740270080
14			32068222			4283204720740270080
15			32024244			4283204720740270080
16			32060174			4283204720740270080
17			32012143			4283204720740270080
18			32085237			4283204720740270080
19			32023209			4283204720740270080
20			32060229			4283204720740270080
21			32064186			4283204720740270080
22			32014228			4283204720740270080
23			32061141			4283204720740270080
24			32012221			4283204720740270080
25			32061148			4283204720740270080
26			32060141			4283204720740270080
27			32086212			4283204720740270080
28			32065249			4283204720740270080
29			32063193			4283204720740270080
30			32063191			4283204720740270080
31			32013195			4283204720740270080
32			32021200			4283204720740270080
33			32028238			4283204720740270080
34			32018234			4283204720740270080
35			32023163			4283204720740270080
36			32019169			4283204720740270080
37			32067181			4283204720740270080
38			32088169			4283204720740270080
39			32061190			4283204720740270080
40			32085132			4283204720740270080
41			32023218			4283204720740270080
42			32073126			4283204720740270080
43			32088158			4283204720740270080
44			32065179			4283204720740270080
45			32073190			4283204720740270080
46			32069209			4283204720740270080
47			32085149			4283204720740270080
48			32061180			4283204720740270080
49			32069245			4283204720740270080
50			32028228			4283204720740270080
51			32093227			4283204720740270080
52			32028231			4283204720740270080
53			32020247			4283204720740270080
54			32073201			4283204720740270080
55			32013155			4283204720740270080
56			32062142			4283204720740270080
57			32062125			4283204720740270080
58			32071137			4283204720740270080
59			32049194			4283204720740270080
60			32076243			4283204720740270080
61			32027207			4283204720740270080
62			32013210			4283204720740270080
63			32058153			4283204720740270080
64			32063200			4283204720740270080
65			32081153			4283204720740270080
66			32021145			4283204720740270080
67			32023191			4283204720740270080
68			32016196			4283204720740270080
69			32024171			4283204720740270080
70			32023217			4283204720740270080
71			32013136			4283204720740270080
72			32085208			4283204720740270080
73			32058242			4283204720740270080
74			32063224			4283204720740270080
75			32064210			4283204720740270080
76			32011166			4283204720740270080
77			32062136			4283204720740270080
78			32066239			4283204720740270080
79			32011174			4283204720740270080
80			32067241			4283204720740270080
81			32024228			4283204720740270080
82			32059240			4283204720740270080
83			32012210			4283204720740270080
84			32064236			4283204720740270080
85			32023226			4283204720740270080
86			32009155			4283204720740270080
87			32019205			4283204720740270080
88			32057222			4283204720740270080
89			32042240			4283204720740270080
90			32028216			4283204720740270080
91			32068159			4283204720740270080
92			32088127			4283204720740270080
93			32067229			4283204720740270080
94			32016185			4283204720740270080
95			32009167			4283204720740270080
96			32086159			4283204720740270080
97			32087147			4283204720740270080
98			32018211			4283204720740270080
99			32013143			4283204720740270080
100			32087168			4283204720740270080
101			32065207			4283204720740270080
102			32069190			4283204720740270080
103			32064158			4283204720740270080
104			32018184			4283204720740270080
105			32021229			4283204720740270080
106			32086228			4283204720740270080
107			32014164			4283204720740270080
108			32088130			4283204720740270080
109			32009199			4283204720740270080
110			32060138			4283204720740270080
111			32073155			4283204720740270080
112			32026199			4283204720740270080
113			32062151			4283204720740270080
114			32012166			4283204720740270080
115			32063221			4283204720740270080
116			32018136			4283204720740270080
117			32070141			4283204720740270080
118			32024127			4283204720740270080
119			32061184			4283204720740270080
120			32023147			4283204720740270080
121			32026195			4283204720740270080
122			32029175			4283204720740270080
123			32088239			4283204720740270080
124			32013214			4283204720740270080
125			32012145			4283204720740270080
126			32068240			4283204720740270080
127			32062137			4283204720740270080
128			32016136			4283204720740270080
129			32011135			4283204720740270080
130			32023235			4283204720740270080
131			32061172			4283204720740270080
132			32058230			4283204720740270080
133			32066180			4283204720740270080
134			32066221			4283204720740270080
135			32066211			4283204720740270080
136			32010186			4283204720740270080
137			32063164			4283204720740270080
138			32021192			4283204720740270080
139			32062159			4283204720740270080
140			32009163			4283204720740270080
141			32019130			4283204720740270080
142			32029125			4283204720740270080
143			32016149			4283204720740270080
144			32025225			4283204720740270080
145			32023132			4283204720740270080
146			32061207			4283204720740270080
147			32015186			4283204720740270080
148			32027126			4283204720740270080
149			32067171			4283204720740270080
150			32027178			4283204720740270080
151			32015236			4283204720740270080
152			32071222			4283204720740270080
153			32028128			4283204720740270080
154			32027238			4283204720740270080
155			32086189			4283204720740270080
156			32017198			4283204720740270080
157			32027129			4283204720740270080
158			32011145			4283204720740270080
159			32021138			4283204720740270080
160			32020225			4283204720740270080
161			32061213			4283204720740270080
162			32069172			4283204720740270080
163			32060191			4283204720740270080
164			32068172			4283204720740270080
165			32021240			4283204720740270080
166			32020202			4283204720740270080
167			32021224			4283204720740270080
168			32018130			4283204720740270080
169			32098188			4283204720740270080
170			32024156			4283204720740270080
171			32023128			4283204720740270080
172			32022208			4283204720740270080
173			32012139			4283204720740270080
174			32012235			4283204720740270080
175			32070214			4283204720740270080
176			32017168			4283204720740270080
177			32086134			4283204720740270080
178			32022169			4283204720740270080
179			32014181			4283204720740270080
180			32068216			4283204720740270080
181			32025183			4283204720740270080
182			32057237			4283204720740270080
183			32068229			4283204720740270080
184			32068163			4283204720740270080
185			32070168			4283204720740270080
186			32068189			4283204720740270080
187			32051168			4283204720740270080
188			32070139			4283204720740270080
189			32068127			4283204720740270080
190			32023137			4283204720740270080
191			32085206			4283204720740270080
192			32020194			4283204720740270080
193			32058223			4283204720740270080
194			32071130			4283204720740270080
195			32039191			4247175923721306120
196			32005243			4247175923721306117
197			32025209			4247175923721306117
198			32038228			4247175923721306117
199			32006150			4247175923721306117
200			32079205			4247175923721306115
201			32095232			4247175923721306113
202			32031207			4247175923721306113
203			32021233			4247175923721306112
204			32073146			4247175923721306112
205			32061134			4247175923721306112
206			32012183			4247175923721306112
207			32019211			4247175923721306112
208			32029227			4247175923721306112
209			32033213			4247175923721306112
210			32051174			4247175923721306112
211			32031215			4247175923721306112
212			32073202			4247175923721306112
213			32090146			4247175923721306112
214			32071132			4247175923721306112
215			32098128			4247175923721306112
216			32085134			4247175923721306112
217			32071173			4247175923721306112
218			32013158			4247175923721306112
219			32013170			4247175923721306112
220			32082158			4247175923721306112
221			32049192			4247175923721306112
222			32002236			4247175923721306112
223			32021149			4247175923721306112
224			32009157			4247175923721306112
225			32070126			4247175923721306112
226			32059189			4247175923721306112
227			32088182			4247175923721306112
228			32024185			4247175923721306112
229			32028126			4247175923721306112
230			32000155			4247175923721306112
231			32031145			4247175923721306112
232			32064211			4247175923721306112
233			32062185			4247175923721306112
234			32062127			4247175923721306112
235			32088135			4247175923721306112
236			32017192			4247175923721306112
237			32095245			4247175923721306112
238			32057180			4247175923721306112
239			32028210			4247175923721306112
240			32000136			4247175923721306112
241			32042186			4247175923721306112
242			32044146			4247175923721306112
243			32062243			4247175923721306112
244			32012148			4247175923721306112
245			32095247			4247175923721306112
246			32046133			4247175923721306112
247			32027153			4247175923721306112
248			32002247			4247175923721306112
249			32000200			4247175923721306112
250			32098242			4247175923721306112
251			32063150			4247175923721306112
252			32082228			4247175923721306112
253			32082238			4247175923721306112
254			32002174			4247175923721306112
255			32000144			4247175923721306112
256			32012200			4247175923721306112
257			32079212			4247175923721306112
258			32062174			4247175923721306112
259			32063245			4247175923721306112
260			32026249			4247175923721306112
261			32060167			4247175923721306112
262			32031205			4247175923721306112
263			32013178			4247175923721306112
264			32094141			4247175923721306112
265			32049229			4247175923721306112
266			32031129			4247175923721306112
267			32062156			4247175923721306112
268			32064179			4247175923721306112
269			32022242			4247175923721306112
270			32046137			4247175923721306112
271			32094234			4247175923721306112
272			32080229			4247175923721306112
273			32000149			4247175923721306112
274			32064161			4247175923721306112
275			32062182			4247175923721306112
276			32021244			4247175923721306112
277			32060149			4247175923721306112
278			32012153			4247175923721306112
279			32082203			4247175923721306112
280			32077179			4247175923721306112
281			32055185			4247175923721306112
282			32064221			4247175923721306112
283			32079213			4247175923721306112
284			32088179			4247175923721306112
285			32017148			4247175923721306112
286			32085138			4247175923721306112
287			32095133			4247175923721306112
288			32002135			4247175923721306112
289			32044130			4247175923721306112
290			32020241			4247175923721306112
291			32069246			4247175923721306112
292			32010215			4247175923721306112
293			32021164			4247175923721306112
294			32085175			4247175923721306112
295			32008157			4247175923721306112
296			32081234			4247175923721306112
297			32044136			4247175923721306112
298			32087161			4247175923721306112
299			32085174			4247175923721306112
300			32061229			4247175923721306112
301			32085194			4247175923721306112
302			32013141			4247175923721306112
303			32031189			4247175923721306112
304			32094196			4247175923721306112
305			32028198			4247175923721306112
306			32012184			4247175923721306112
307			32026184			4247175923721306112
308			32044137			4247175923721306112
309			32085176			4247175923721306112
310			32021130			4247175923721306112
311			32063214			4247175923721306112
312			32094223			4247175923721306112
313			32012207			4247175923721306112
314			32063206			4247175923721306112
315			32081235			4247175923721306112
316			32002168			4247175923721306112
317			32031228			4247175923721306112
318			32063126			4247175923721306112
319			32010199			4247175923721306112
320			32061226			4247175923721306112
321			32067215			4247175923721306112
322			32081205			4247175923721306112
323			32047146			4247175923721306112
324			32002176			4247175923721306112
325			32034159			4247175923721306112
326			32011132			4247175923721306112
327			32081150			4247175923721306112
328			32069238			4247175923721306112
329			32016247			4247175923721306112
330			32064132			4247175923721306112
331			32085228			4247175923721306112
332			32009179			4247175923721306112
333			32066132			4247175923721306112
334			32094204			4247175923721306112
335			32027209			4247175923721306112
336			32031204			4247175923721306112
337			32073222			4247175923721306112
338			32029155			4247175923721306112
339			32070149			4247175923721306112
340			32081151			4247175923721306112
341			32044190			4247175923721306112
342			32031152			4247175923721306112
343			32029163			4247175923721306112
344			32068168			4247175923721306112
345			32070209			4247175923721306112
346			32025236			4247175923721306112
347			32009244			4247175923721306112
348			32031201			4247175923721306112
349			32031245			4247175923721306112
350			32070247			4247175923721306112
351			32073177			4247175923721306112
352			32008169			4247175923721306112
353			32044160			4247175923721306112
354			32082202			4247175923721306112
355			32057181			4247175923721306112
356			32012240			4247175923721306112
357			32097211			4247175923721306112
358			32065128			4247175923721306112
359			32064190			4247175923721306112
360			32095131			4247175923721306112
361			32052224			4247175923721306112
362			32031174			4247175923721306112
363			32028169			4247175923721306112
364			32009132			4247175923721306112
365			32095147			4247175923721306112
366			32031224			4247175923721306112
367			32027244			4247175923721306112
368			32060218			4247175923721306112
369			32067133			4247175923721306112
370			32019241			4247175923721306112
371			32045126			4247175923721306112
372			32083232			4247175923721306112
373			32031141			4247175923721306112
374			32064137			4247175923721306112
375			32086183			4247175923721306112
376			32031166			4247175923721306112
377			32031164			4247175923721306112
378			32095240			4247175923721306112
379			32045227			4247175923721306112
380			32031138			4247175923721306112
381			32083149			4247175923721306112
382			32034137			4247175923721306112
383			32023194			4247175923721306112
384			32025238			4247175923721306112
385			32069157			4247175923721306112
386			32010191			4247175923721306112
387			32031194			4247175923721306112
388			32029215			4247175923721306112
389			32087202			4247175923721306112
390			32015145			4247175923721306112
391			32063160			4247175923721306112
392			32095174			4247175923721306112
393			32031126			4247175923721306112
394			32012132			4247175923721306112
395			32013233			4247175923721306112
396			32062191			4247175923721306112
397			32013135			4247175923721306112
398			32045199			4247175923721306112
399			32082248			4247175923721306112
400			32098214			4247175923721306112
401			32014191			4247175923721306112
402			32012140			4247175923721306112
403			32063216			4247175923721306112
404			32095176			4247175923721306112
405			32031218			4247175923721306112
406			32022148			4247175923721306112
407			32024197			4247175923721306112
408			32080130			4247175923721306112
409			32013132			4247175923721306112
410			32065215			4247175923721306112
411			32064218			4247175923721306112
412			32044226			4247175923721306112
413			32040175			4247175923721306112
414			32012244			4247175923721306112
415			32021163			4247175923721306112
416			32072222			4247175923721306112
417			32095163			4247175923721306112
418			32013248			4247175923721306112
419			32020184			4247175923721306112
420			32080129			4247175923721306112
421			32037163			4247175923721306112
422			32071206			4247175923721306112
423			32054163			4247175923721306112
424			32059226			4247175923721306112
425			32081219			4247175923721306112
426			32044148			4247175923721306112
427			32028186			4247175923721306112
428			32064125			4247175923721306112
429			32081209			4247175923721306112
430			32012228			4247175923721306112
431			32006132			4247175923721306112
432			32031234			4247175923721306112
433			32097164			4247175923721306112
434			32063125			4247175923721306112
435			32053239			4247175923721306112
436			32068142			4247175923721306112
437			32006199			4247175923721306112
438			32044153			4247175923721306112
439			32063249			4247175923721306112
440			32064130			4247175923721306112
441			32031227			4247175923721306112
442			32031225			4247175923721306112
443			32044175			4247175923721306112
444			32058214			4247175923721306112
445			32063240			4247175923721306112
446			32082234			4247175923721306112
447			32087192			4247175923721306112
448			32095134			4247175923721306112
449			32031132			4247175923721306112
450			32031200			4247175923721306112
451			32095191			4247175923721306112
452			32044187			4247175923721306112
453			32070222			4247175923721306112
454			32009232			4247175923721306112
455			32063127			4247175923721306112
456			32063153			4247175923721306112
457			32008203			4247175923721306112
458			32095162			4247175923721306112
459			32097207			4247175923721306112
460			32059155			4247175923721306112
461			32009214			4247175923721306112
462			32081149			4247175923721306112
463			32094186			4247175923721306112
464			32053235			4247175923721306112
465			32025170			4247175923721306112
466			32013129			4247175923721306112
467			32016132			4247175923721306112
468			32025216			4247175923721306112
469			32064200			4247175923721306112
470			32013194			4247175923721306112
471			32013240			4247175923721306112
472			32038149			4247175923721306112
473			32027144			4247175923721306112
474			32065204			4247175923721306112
475			32095230			4247175923721306112
476			32045203			4247175923721306112
477			32013177			4247175923721306112
478			32063243			4247175923721306112
479			32020148			4247175923721306112
480			32061246			4247175923721306112
481			32095193			4247175923721306112
482			32045195			4247175923721306112
483			32037218			4247175923721306112
484			32009192			4247175923721306112
485			32025134			4247175923721306112
486			32081206			4247175923721306112
487			32062181			4247175923721306112
488			32057169			4247175923721306112
489			32020171			4247175923721306112
490			32063155			4247175923721306112
491			32081199			4247175923721306112
492			32064237			4247175923721306112
493			32031233			4247175923721306112
494			32026172			4247175923721306112
495			32070235			4247175923721306112
496			32062132			4247175923721306112
497			32038233			4247175923721306112
498			32098249			4247175923721306112
499			32038212			4247175923721306112
500			32014130			4247175923721306112
501			32015219			4247175923721306112
502			32031206			4247175923721306112
503			32017223			4247175923721306112
504			32045125			4247175923721306112
505			32039164			4247175923721306112
506			32098140			4247175923721306112
507			32029148			4247175923721306112
508			32020213			4247175923721306112
509			32018139			4247175923721306112
510			32031159			4247175923721306112
511			32086199			4247175923721306112
512			32025138			4247175923721306112
513			32095182			4247175923721306112
514			32057187			4247175923721306112
515			32025149			4247175923721306112
516			32038220			4247175923721306112
517			32015193			4247175923721306112
518			32095221			4247175923721306112
519			32039220			4247175923721306112
520			32094220			4247175923721306112
521			32057197			4247175923721306112
522			32039208			4247175923721306112
523			32022219			4247175923721306112
524			32022239			4247175923721306112
525			32037228			4247175923721306112
526			32064148			4247175923721306112
527			32023160			4247175923721306112
528			32095214			4247175923721306112
529			32026175			4247175923721306112
530			32064166			4247175923721306112
531			32038174			4247175923721306112
532			32080193			4247175923721306112
533			32080173			4247175923721306112
534			32095205			4247175923721306112
535			32031247			4247175923721306112
536			32045249			4247175923721306112
537			32045171			4247175923721306112
538			32045173			4247175923721306112
539			32045190			4247175923721306112
540			32095142			4247175923721306112
541			32045212			4247175923721306112
542			32045215			4247175923721306112
543			32045236			4247175923721306112
544			32045238			4247175923721306112
545			32081188			4247175923721306112
546			32064223			4247175923721306112
547			32095235			4247175923721306112
548			32031181			4247175923721306112
549			32031198			4247175923721306112
550			32045135			4247175923721306112
551			32095149			4247175923721306112
552			32016175			4247175923721306112
553			32095159			4247175923721306112
554			32095206			4247175923721306112
555			32064129			4247175923721306112
556			32053140			4247175923721306112
557			32063158			4247175923721306112
558			32063177			4247175923721306112
559			32063175			4247175923721306112
560			32075232			4247175923721306112
561			32081233			4247175923721306112
562			32031222			4247175923721306112
563			32081225			4247175923721306112
564			32005160			4247175923721306112
565			32063207			4247175923721306112
566			32080214			4247175923721306112
567			32095151			4247175923721306112
568			32013126			4247175923721306112
569			32031136			4247175923721306112
570			32031147			4247175923721306112
571			32031182			4247175923721306112
572			32081240			4247175923721306112
573			32000218			4211147126702342145
574			32061196			4211147126702342144
575			32094128			4211147126702342144
576			32094138			4211147126702342144
577			32082162			4211147126702342144
578			32082214			4211147126702342144
579			32083235			4211147126702342144
580			32094146			4211147126702342144
581			32087125			4211147126702342144
582			32087205			4211147126702342144
583			32082245			4211147126702342144
584			32025178			4211147126702342144
585			32029243			4211147126702342144
586			32001148			4211147126702342144
587			32046148			4175118329683378176
588			32007205			4175118329683378176
589			32046221			4175118329683378176
590			32009142			4175118329683378176
591			32033143			4175118329683378176
592			32024189			4175118329683378176
593			32046234			4175118329683378176
594			32024220			4175118329683378176
595			32046205			4175118329683378176
596			32085204			4175118329683378176
597			32033174			4175118329683378176
598			32085126			4175118329683378176
599			32033186			4175118329683378176
600			32011168			4175118329683378176
601			32085137			4175118329683378176
602			32012206			4175118329683378176
603			32046182			4175118329683378176
604			32061232			4175118329683378176
605			32033197			4175118329683378176
606			32097141			4175118329683378176
607			32085179			4175118329683378176
608			32026230			4175118329683378176
609			32085225			4175118329683378176
610			32085240			4175118329683378176
611			32085247			4175118329683378176
612			32070225			4175118329683378176
613			32008223			4175118329683378176
614			32009153			4175118329683378176
615			32069179			4175118329683378176
616			32022244			4175118329683378176
617			32070207			4175118329683378176
618			32064204			4175118329683378176
619			32066142			4175118329683378176
620			32062242			4140215432571256841
621			32031191			4140215432571256833
622			32044165			4140215432571256833
623			32013127			4140215432571256832
624			32013224			4140215432571256832
625			32064194			4140215432571256832
626			32013148			4140215432571256832
627			32013176			4140215432571256832
628			32045154			4140215432571256832
629			32044228			4140215432571256832
630			32013237			4140215432571256832
631			32064185			4140215432571256832
632			32079243			4140215432571256832
633			32044237			4140215432571256832
634			32031125			4140215432571256832
635			32012227			4140215432571256832
636			32064173			4140215432571256832
637			32044238			4140215432571256832
638			32013184			4140215432571256832
639			32031168			4140215432571256832
640			32044139			4140215432571256832
641			32044243			4140215432571256832
642			32031249			4140215432571256832
643			32013229			4140215432571256832
644			32079230			4140215432571256832
645			32044191			4140215432571256832
646			32031195			4140215432571256832
647			32031160			4140215432571256832
648			32079218			4140215432571256832
649			32031186			4140215432571256832
650			32045144			4140215432571256832
651			32031244			4140215432571256832
652			32031223			4140215432571256832
653			32079207			4140215432571256832
654			32044215			4140215432571256832
655			32031199			4140215432571256832
656			32031221			4140215432571256832
657			32012224			4140215432571256832
658			32095229			4140215432571256832
659			32031151			4140215432571256832
660			32062183			4140215432571256832
661			32031229			4140215432571256832
662			32031210			4140215432571256832
663			32095209			4140215432571256832
664			32079203			4140215432571256832
665			32079216			4140215432571256832
666			32031213			4140215432571256832
667			32031236			4140215432571256832
668			32045200			4140215432571256832
669			32095228			4140215432571256832
670			32031133			4140215432571256832
671			32012178			4140215432571256832
672			32012179			4140215432571256832
673			32062201			4140215432571256832
674			32045225			4140215432571256832
675			32031190			4140215432571256832
676			32062210			4140215432571256832
677			32012180			4140215432571256832
678			32081168			4140215432571256832
679			32012168			4140215432571256832
680			32062213			4140215432571256832
681			32031196			4140215432571256832
682			32031143			4140215432571256832
683			32031212			4140215432571256832
684			32012189			4140215432571256832
685			32062220			4140215432571256832
686			32012137			4140215432571256832
687			32031170			4140215432571256832
688			32045137			4140215432571256832
689			32013134			4140215432571256832
690			32013172			4140215432571256832
691			32031231			4140215432571256832
692			32095198			4140215432571256832
693			32031162			4140215432571256832
694			32013209			4140215432571256832
695			32062203			4140215432571256832
696			32045240			4140215432571256832
697			32081184			4140215432571256832
698			32031150			4140215432571256832
699			32012205			4140215432571256832
700			32062208			4140215432571256832
701			32031179			4140215432571256832
702			32031155			4140215432571256832
703			32031240			4140215432571256832
704			32062212			4140215432571256832
705			32045160			4140215432571256832
706			32045243			4140215432571256832
707			32012194			4140215432571256832
708			32012203			4140215432571256832
709			32062217			4140215432571256832
710			32045180			4140215432571256832
711			32012246			4140215432571256832
712			32013207			4140215432571256832
713			32031137			4140215432571256832
714			32063231			4140215432571256832
715			32044210			4140215432571256832
716			32031144			4140215432571256832
717			32012131			4140215432571256832
718			32044212			4140215432571256832
719			32031237			4140215432571256832
720			32045170			4140215432571256832
721			32031173			4140215432571256832
722			32063222			4140215432571256832
723			32045130			4140215432571256832
724			32031239			4140215432571256832
725			32063248			4140215432571256832
726			32095200			4140215432571256832
727			32031238			4140215432571256832
728			32012161			4140215432571256832
729			32044233			4140215432571256832
730			32045140			4140215432571256832
731			32063210			4140215432571256832
732			32031183			4140215432571256832
733			32063145			4140215432571256832
734			32044231			4140215432571256832
735			32031246			4140215432571256832
736			32031157			4140215432571256832
737			32031248			4140215432571256832
738			32063187			4140215432571256832
739			32095127			4140215432571256832
740			32013243			4140215432571256832
741			32031219			4140215432571256832
742			32031230			4140215432571256832
743			32063194			4140215432571256832
744			32095238			4140215432571256832
745			32045218			4140215432571256832
746			32031209			4140215432571256832
747			32079224			4140215432571256832
748			32031178			4140215432571256832
749			32079226			4140215432571256832
750			32012149			4140215432571256832
751			32013227			4140215432571256832
752			32045209			4140215432571256832
753			32012158			4140215432571256832
754			32045193			4140215432571256832
755			32031214			4140215432571256832
756			32031156			4140215432571256832
757			32064175			4140215432571256832
758			32081179			4140215432571256832
759			32012196			4140215432571256832
760			32013186			4140215432571256832
761			32013202			4140215432571256832
762			32012220			4140215432571256832
763			32012213			4140215432571256832
764			32031220			4140215432571256832
765			32012135			4140215432571256832
766			32012173			4140215432571256832
767			32013217			4140215432571256832
768			32063138			4140215432571256832
769			32031232			4140215432571256832
770			32079221			4140215432571256832
771			32064149			4140215432571256832
772			32013160			4140215432571256832
773			32063170			4140215432571256832
774			32081163			4140215432571256832
775			32064163			4140215432571256832
776			32031187			4140215432571256832
777			32013150			4140215432571256832
778			32080153			4140215432571256832
779			32081126			4140215432571256832
780			32079209			4140215432571256832
781			32062192			4140215432571256832
782			32062194			4140215432571256832
783			32062196			4140215432571256832
784			32062198			4140215432571256832
785			32062199			4140215432571256832
786			32045142			4140215432571256832
787			32080202			4140215432571256832
788			32080188			4140215432571256832
789			32095173			4140215432571256832
790			32031235			4140215432571256832
791			32031140			4140215432571256832
792			32031211			4140215432571256832
793			32081127			4140215432571256832
794			32095144			4140215432571256832
795			32095249			4140215432571256832
796			32095169			4140215432571256832
797			32031208			4140215432571256832
798			32031149			4140215432571256832
799			32095153			4140215432571256832
800			32031158			4140215432571256832
801			32064196			4140215432571256832
802			32080149			4140215432571256832
803			32045177			4140215432571256832
804			32045186			4140215432571256832
805			32045230			4140215432571256832
806			32095189			4140215432571256832
807			32095227			4140215432571256832
808			32045188			4140215432571256832
809			32081146			4140215432571256832
810			32031203			4140215432571256832
811			32064215			4140215432571256832
812			32064140			4140215432571256832
813			32031134			4140215432571256832
814			32031202			4140215432571256832
815			32045129			4140215432571256832
816			32045169			4140215432571256832
817			32031127			4140215432571256832
818			32031142			4140215432571256832
819			32031167			4140215432571256832
820			32031188			4140215432571256832
821			32095132			4140215432571256832
822			32031241			4140215432571256832
823			32064156			4140215432571256832
824			32064177			4140215432571256832
825			32064207			4140215432571256832
826			32045163			4140215432571256832
827			32031153			4140215432571256832
828			32031243			4140215432571256832
829			32063141			4140215432571256832
830			32063142			4140215432571256832
831			32063156			4140215432571256832
832			32080156			4140215432571256832
833			32063190			4140215432571256832
834			32063192			4140215432571256832
835			32063205			4140215432571256832
836			32031193			4140215432571256832
837			32031165			4140215432571256832
838			32031171			4140215432571256832
839			32031226			4140215432571256832
840			32045221			4140215432571256832
841			32063237			4140215432571256832
842			32095202			4140215432571256832
843			32063236			4140215432571256832
844			32095197			4140215432571256832
845			32081244			4140215432571256832
846			32045157			4140215432571256832
847			32045216			4140215432571256832
848			32080207			4140215432571256832
849			32095242			4140215432571256832
850			32081212			4140215432571256832
851			32080226			4140215432571256832
852			32064188			4140215432571256832
853			32095186			4140215432571256832
854			32081157			4140215432571256832
855			32095140			4140215432571256832
856			32081214			4140215432571256832
857			32081138			4140215432571256832
858			32087143			4139089532664414218
859			32018214			4139089532664414217
860			32088172			4139089532664414210
861			32060222			4139089532664414209
862			32071200			4139089532664414209
863			32010170			4139089532664414209
864			32059204			4139089532664414209
865			32015130			4139089532664414209
866			32073206			4139089532664414209
867			32020153			4139089532664414209
868			32057162			4139089532664414209
869			32015135			4139089532664414209
870			32087198			4139089532664414209
871			32011194			4139089532664414209
872			32017139			4139089532664414209
873			32070234			4139089532664414208
874			32098187			4139089532664414208
875			32098176			4139089532664414208
876			32088211			4139089532664414208
877			32012157			4139089532664414208
878			32073166			4139089532664414208
879			32058161			4139089532664414208
880			32068192			4139089532664414208
881			32065189			4139089532664414208
882			32097163			4139089532664414208
883			32082182			4139089532664414208
884			32065214			4139089532664414208
885			32046144			4139089532664414208
886			32082148			4139089532664414208
887			32088229			4139089532664414208
888			32073203			4139089532664414208
889			32071234			4139089532664414208
890			32017248			4139089532664414208
891			32098182			4139089532664414208
892			32097204			4139089532664414208
893			32064224			4139089532664414208
894			32063168			4139089532664414208
895			32012182			4139089532664414208
896			32087231			4139089532664414208
897			32065190			4139089532664414208
898			32013140			4139089532664414208
899			32073209			4139089532664414208
900			32021177			4139089532664414208
901			32024214			4139089532664414208
902			32010211			4139089532664414208
903			32047173			4139089532664414208
904			32097180			4139089532664414208
905			32082205			4139089532664414208
906			32065183			4139089532664414208
907			32046161			4139089532664414208
908			32082216			4139089532664414208
909			32019177			4139089532664414208
910			32088159			4139089532664414208
911			32071205			4139089532664414208
912			32018152			4139089532664414208
913			32088233			4139089532664414208
914			32007206			4139089532664414208
915			32058236			4139089532664414208
916			32011213			4139089532664414208
917			32027136			4139089532664414208
918			32086195			4139089532664414208
919			32058196			4139089532664414208
920			32018129			4139089532664414208
921			32088194			4139089532664414208
922			32071128			4139089532664414208
923			32067159			4139089532664414208
924			32015194			4139089532664414208
925			32047167			4139089532664414208
926			32097171			4139089532664414208
927			32065244			4139089532664414208
928			32046193			4139089532664414208
929			32082225			4139089532664414208
930			32020248			4139089532664414208
931			32070145			4139089532664414208
932			32098153			4139089532664414208
933			32073233			4139089532664414208
934			32024163			4139089532664414208
935			32022182			4139089532664414208
936			32012138			4139089532664414208
937			32073243			4139089532664414208
938			32061174			4139089532664414208
939			32025223			4139089532664414208
940			32022152			4139089532664414208
941			32021219			4139089532664414208
942			32020246			4139089532664414208
943			32008139			4139089532664414208
944			32015242			4139089532664414208
945			32047191			4139089532664414208
946			32097235			4139089532664414208
947			32082163			4139089532664414208
948			32047172			4139089532664414208
949			32046208			4139089532664414208
950			32066167			4139089532664414208
951			32025191			4139089532664414208
952			32026139			4139089532664414208
953			32071237			4139089532664414208
954			32023185			4139089532664414208
955			32022184			4139089532664414208
956			32098175			4139089532664414208
957			32064174			4139089532664414208
958			32013206			4139089532664414208
959			32059126			4139089532664414208
960			32028189			4139089532664414208
961			32024201			4139089532664414208
962			32022144			4139089532664414208
963			32085185			4139089532664414208
964			32073189			4139089532664414208
965			32061144			4139089532664414208
966			32085145			4139089532664414208
967			32066226			4139089532664414208
968			32064243			4139089532664414208
969			32069160			4139089532664414208
970			32015156			4139089532664414208
971			32065222			4139089532664414208
972			32097225			4139089532664414208
973			32082188			4139089532664414208
974			32065138			4139089532664414208
975			32046247			4139089532664414208
976			32082166			4139089532664414208
977			32024184			4139089532664414208
978			32058207			4139089532664414208
979			32062187			4139089532664414208
980			32085200			4139089532664414208
981			32069165			4139089532664414208
982			32098231			4139089532664414208
983			32019163			4139089532664414208
984			32061153			4139089532664414208
985			32021134			4139089532664414208
986			32024225			4139089532664414208
987			32070159			4139089532664414208
988			32013137			4139089532664414208
989			32073129			4139089532664414208
990			32060152			4139089532664414208
991			32021154			4139089532664414208
992			32065168			4139089532664414208
993			32068134			4139089532664414208
994			32069220			4139089532664414208
995			32015225			4139089532664414208
996			32065211			4139089532664414208
997			32097215			4139089532664414208
998			32082174			4139089532664414208
999			32065186			4139089532664414208
1000			32082164			4139089532664414208
1001			32010227			4139089532664414208
1002			32059152			4139089532664414208
1003			32062147			4139089532664414208
1004			32071202			4139089532664414208
1005			32085129			4139089532664414208
1006			32088154			4139089532664414208
1007			32067200			4139089532664414208
1008			32063238			4139089532664414208
1009			32021208			4139089532664414208
1010			32072197			4139089532664414208
1011			32085214			4139089532664414208
1012			32073204			4139089532664414208
1013			32059147			4139089532664414208
1014			32012212			4139089532664414208
1015			32026207			4139089532664414208
1016			32068247			4139089532664414208
1017			32008129			4139089532664414208
1018			32015150			4139089532664414208
1019			32065170			4139089532664414208
1020			32097159			4139089532664414208
1021			32065193			4139089532664414208
1022			32017159			4139089532664414208
1023			32059192			4139089532664414208
1024			32065125			4139089532664414208
1025			32069139			4139089532664414208
1026			32072160			4139089532664414208
1027			32097244			4139089532664414208
1028			32009230			4139089532664414208
1029			32062231			4139089532664414208
1030			32059231			4139089532664414208
1031			32028154			4139089532664414208
1032			32025205			4139089532664414208
1033			32012195			4139089532664414208
1034			32073236			4139089532664414208
1035			32060156			4139089532664414208
1036			32020236			4139089532664414208
1037			32022220			4139089532664414208
1038			32009176			4139089532664414208
1039			32015235			4139089532664414208
1040			32065225			4139089532664414208
1041			32097149			4139089532664414208
1042			32082129			4139089532664414208
1043			32065158			4139089532664414208
1044			32082183			4139089532664414208
1045			32012146			4139089532664414208
1046			32072230			4139089532664414208
1047			32071232			4139089532664414208
1048			32021216			4139089532664414208
1049			32087182			4139089532664414208
1050			32097162			4139089532664414208
1051			32065212			4139089532664414208
1052			32023203			4139089532664414208
1053			32021152			4139089532664414208
1054			32086175			4139089532664414208
1055			32008246			4139089532664414208
1056			32085216			4139089532664414208
1057			32073226			4139089532664414208
1058			32060185			4139089532664414208
1059			32017182			4139089532664414208
1060			32065223			4139089532664414208
1061			32067145			4139089532664414208
1062			32073138			4139089532664414208
1063			32015151			4139089532664414208
1064			32065152			4139089532664414208
1065			32097173			4139089532664414208
1066			32082155			4139089532664414208
1067			32065197			4139089532664414208
1068			32082160			4139089532664414208
1069			32014125			4139089532664414208
1070			32088177			4139089532664414208
1071			32086169			4139089532664414208
1072			32023248			4139089532664414208
1073			32085143			4139089532664414208
1074			32098219			4139089532664414208
1075			32063184			4139089532664414208
1076			32011142			4139089532664414208
1077			32059167			4139089532664414208
1078			32009217			4139089532664414208
1079			32064222			4139089532664414208
1080			32073152			4139089532664414208
1081			32062214			4139089532664414208
1082			32021180			4139089532664414208
1083			32067189			4139089532664414208
1084			32026218			4139089532664414208
1085			32015246			4139089532664414208
1086			32065199			4139089532664414208
1087			32097134			4139089532664414208
1088			32082147			4139089532664414208
1089			32065229			4139089532664414208
1090			32082229			4139089532664414208
1091			32014196			4139089532664414208
1092			32085178			4139089532664414208
1093			32066229			4139089532664414208
1094			32088175			4139089532664414208
1095			32073239			4139089532664414208
1096			32061176			4139089532664414208
1097			32022241			4139089532664414208
1098			32021228			4139089532664414208
1099			32069200			4139089532664414208
1100			32012155			4139089532664414208
1101			32086170			4139089532664414208
1102			32062204			4139089532664414208
1103			32022136			4139089532664414208
1104			32015213			4139089532664414208
1105			32061135			4139089532664414208
1106			32064160			4139089532664414208
1107			32064229			4139089532664414208
1108			32015214			4139089532664414208
1109			32047125			4139089532664414208
1110			32097202			4139089532664414208
1111			32082184			4139089532664414208
1112			32065245			4139089532664414208
1113			32082170			4139089532664414208
1114			32019247			4139089532664414208
1115			32008242			4139089532664414208
1116			32088189			4139089532664414208
1117			32088203			4139089532664414208
1118			32018167			4139089532664414208
1119			32085148			4139089532664414208
1120			32077135			4139089532664414208
1121			32061211			4139089532664414208
1122			32020132			4139089532664414208
1123			32022203			4139089532664414208
1124			32015178			4139089532664414208
1125			32047160			4139089532664414208
1126			32097187			4139089532664414208
1127			32082206			4139089532664414208
1128			32097175			4139089532664414208
1129			32082207			4139089532664414208
1130			32020199			4139089532664414208
1131			32085235			4139089532664414208
1132			32085140			4139089532664414208
1133			32088132			4139089532664414208
1134			32021175			4139089532664414208
1135			32012191			4139089532664414208
1136			32025163			4139089532664414208
1137			32062240			4139089532664414208
1138			32020229			4139089532664414208
1139			32025158			4139089532664414208
1140			32015187			4139089532664414208
1141			32065219			4139089532664414208
1142			32097193			4139089532664414208
1143			32066175			4139089532664414208
1144			32065140			4139089532664414208
1145			32066179			4139089532664414208
1146			32062218			4139089532664414208
1147			32085170			4139089532664414208
1148			32072247			4139089532664414208
1149			32070162			4139089532664414208
1150			32064240			4139089532664414208
1151			32009235			4139089532664414208
1152			32085162			4139089532664414208
1153			32008192			4139089532664414208
1154			32028200			4139089532664414208
1155			32059235			4139089532664414208
1156			32013183			4139089532664414208
1157			32021212			4139089532664414208
1158			32063146			4139089532664414208
1159			32068206			4139089532664414208
1160			32064162			4139089532664414208
1161			32015204			4139089532664414208
1162			32047156			4139089532664414208
1163			32097214			4139089532664414208
1164			32066194			4139089532664414208
1165			32065165			4139089532664414208
1166			32082226			4139089532664414208
1167			32017211			4139089532664414208
1168			32020129			4139089532664414208
1169			32098233			4139089532664414208
1170			32085187			4139089532664414208
1171			32014204			4139089532664414208
1172			32071193			4139089532664414208
1173			32010163			4139089532664414208
1174			32071129			4139089532664414208
1175			32067182			4139089532664414208
1176			32062205			4139089532664414208
1177			32015209			4139089532664414208
1178			32065248			4139089532664414208
1179			32066145			4139089532664414208
1180			32065216			4139089532664414208
1181			32082249			4139089532664414208
1182			32070170			4139089532664414208
1183			32098243			4139089532664414208
1184			32062184			4139089532664414208
1185			32086222			4139089532664414208
1186			32023214			4139089532664414208
1187			32069136			4139089532664414208
1188			32067149			4139089532664414208
1189			32064154			4139089532664414208
1190			32013188			4139089532664414208
1191			32015221			4139089532664414208
1192			32066185			4139089532664414208
1193			32066128			4139089532664414208
1194			32082130			4139089532664414208
1195			32069197			4139089532664414208
1196			32088149			4139089532664414208
1197			32064126			4139089532664414208
1198			32062206			4139089532664414208
1199			32014161			4139089532664414208
1200			32021157			4139089532664414208
1201			32063171			4139089532664414208
1202			32070130			4139089532664414208
1203			32029213			4139089532664414208
1204			32020133			4139089532664414208
1205			32065238			4139089532664414208
1206			32062163			4139089532664414208
1207			32015141			4139089532664414208
1208			32033162			4139089532664414208
1209			32097153			4139089532664414208
1210			32065234			4139089532664414208
1211			32082240			4139089532664414208
1212			32021189			4139089532664414208
1213			32071162			4139089532664414208
1214			32070219			4139089532664414208
1215			32061142			4139089532664414208
1216			32023193			4139089532664414208
1217			32008152			4139089532664414208
1218			32073131			4139089532664414208
1219			32027233			4139089532664414208
1220			32013145			4139089532664414208
1221			32020146			4139089532664414208
1222			32066206			4139089532664414208
1223			32015176			4139089532664414208
1224			32033208			4139089532664414208
1225			32082231			4139089532664414208
1226			32065239			4139089532664414208
1227			32082243			4139089532664414208
1228			32021225			4139089532664414208
1229			32012236			4139089532664414208
1230			32068144			4139089532664414208
1231			32010166			4139089532664414208
1232			32085195			4139089532664414208
1233			32019180			4139089532664414208
1234			32073179			4139089532664414208
1235			32024190			4139089532664414208
1236			32059182			4139089532664414208
1237			32023207			4139089532664414208
1238			32067212			4139089532664414208
1239			32022168			4139089532664414208
1240			32015249			4139089532664414208
1241			32033127			4139089532664414208
1242			32082191			4139089532664414208
1243			32047142			4139089532664414208
1244			32082134			4139089532664414208
1245			32011157			4139089532664414208
1246			32087223			4139089532664414208
1247			32064139			4139089532664414208
1248			32022246			4139089532664414208
1249			32085219			4139089532664414208
1250			32016244			4139089532664414208
1251			32086161			4139089532664414208
1252			32066170			4139089532664414208
1253			32067237			4139089532664414208
1254			32088208			4139089532664414208
1255			32015134			4139089532664414208
1256			32033171			4139089532664414208
1257			32066153			4139089532664414208
1258			32047150			4139089532664414208
1259			32082178			4139089532664414208
1260			32015159			4139089532664414208
1261			32087235			4139089532664414208
1262			32017207			4139089532664414208
1263			32060153			4139089532664414208
1264			32085232			4139089532664414208
1265			32024187			4139089532664414208
1266			32087158			4139089532664414208
1267			32012202			4139089532664414208
1268			32062154			4139089532664414208
1269			32060220			4139089532664414208
1270			32065218			4139089532664414208
1271			32063176			4139089532664414208
1272			32015171			4139089532664414208
1273			32065144			4139089532664414208
1274			32082201			4139089532664414208
1275			32065135			4139089532664414208
1276			32082199			4139089532664414208
1277			32062211			4139089532664414208
1278			32088214			4139089532664414208
1279			32031130			4139089532664414208
1280			32062169			4139089532664414208
1281			32085236			4139089532664414208
1282			32020180			4139089532664414208
1283			32028139			4139089532664414208
1284			32028196			4139089532664414208
1285			32013179			4139089532664414208
1286			32071156			4139089532664414208
1287			32072178			4139089532664414208
1288			32066129			4139089532664414208
1289			32008229			4139089532664414208
1290			32033226			4139089532664414208
1291			32082213			4139089532664414208
1292			32065224			4139089532664414208
1293			32085191			4139089532664414208
1294			32097217			4139089532664414208
1295			32072166			4139089532664414208
1296			32060176			4139089532664414208
1297			32085243			4139089532664414208
1298			32008132			4139089532664414208
1299			32073156			4139089532664414208
1300			32008150			4139089532664414208
1301			32058246			4139089532664414208
1302			32024194			4139089532664414208
1303			32086231			4139089532664414208
1304			32088236			4139089532664414208
1305			32062129			4139089532664414208
1306			32033179			4139089532664414208
1307			32082219			4139089532664414208
1308			32065181			4139089532664414208
1309			32082137			4139089532664414208
1310			32085212			4139089532664414208
1311			32086141			4139089532664414208
1312			32012160			4139089532664414208
1313			32060204			4139089532664414208
1314			32062200			4139089532664414208
1315			32058141			4139089532664414208
1316			32062236			4139089532664414208
1317			32088148			4139089532664414208
1318			32064170			4139089532664414208
1319			32018236			4139089532664414208
1320			32067232			4139089532664414208
1321			32064235			4139089532664414208
1322			32097143			4139089532664414208
1323			32065205			4139089532664414208
1324			32082153			4139089532664414208
1325			32013218			4139089532664414208
1326			32023241			4139089532664414208
1327			32085146			4139089532664414208
1328			32088125			4139089532664414208
1329			32066204			4139089532664414208
1330			32015157			4139089532664414208
1331			32013244			4139089532664414208
1332			32066149			4139089532664414208
1333			32047153			4139089532664414208
1334			32082190			4139089532664414208
1335			32066227			4139089532664414208
1336			32071182			4139089532664414208
1337			32068234			4139089532664414208
1338			32024186			4139089532664414208
1339			32010202			4139089532664414208
1340			32070179			4139089532664414208
1341			32013169			4139089532664414208
1342			32066176			4139089532664414208
1343			32016209			4139089532664414208
1344			32020207			4139089532664414208
1345			32012163			4139089532664414208
1346			32066160			4139089532664414208
1347			32065209			4139089532664414208
1348			32082210			4139089532664414208
1349			32019224			4139089532664414208
1350			32059129			4139089532664414208
1351			32011125			4139089532664414208
1352			32065232			4139089532664414208
1353			32097129			4139089532664414208
1354			32086227			4139089532664414208
1355			32066231			4139089532664414208
1356			32066244			4139089532664414208
1357			32066202			4139089532664414208
1358			32024247			4139089532664414208
1359			32086164			4139089532664414208
1360			32082223			4139089532664414208
1361			32065161			4139089532664414208
1362			32082247			4139089532664414208
1363			32088157			4139089532664414208
1364			32062144			4139089532664414208
1365			32021188			4139089532664414208
1366			32070135			4139089532664414208
1367			32019237			4139089532664414208
1368			32073188			4139089532664414208
1369			32012177			4139089532664414208
1370			32069189			4139089532664414208
1371			32022130			4139089532664414208
1372			32067231			4139089532664414208
1373			32088134			4139089532664414208
1374			32065230			4139089532664414208
1375			32070176			4139089532664414208
1376			32082227			4139089532664414208
1377			32047204			4139089532664414208
1378			32066196			4139089532664414208
1379			32086138			4139089532664414208
1380			32063157			4139089532664414208
1381			32021131			4139089532664414208
1382			32022195			4139089532664414208
1383			32021165			4139089532664414208
1384			32072154			4139089532664414208
1385			32063197			4139089532664414208
1386			32016139			4139089532664414208
1387			32082200			4139089532664414208
1388			32065150			4139089532664414208
1389			32082146			4139089532664414208
1390			32060132			4139089532664414208
1391			32012218			4139089532664414208
1392			32022204			4139089532664414208
1393			32060245			4139089532664414208
1394			32011201			4139089532664414208
1395			32063233			4139089532664414208
1396			32010208			4139089532664414208
1397			32020158			4139089532664414208
1398			32016219			4139089532664414208
1399			32012222			4139089532664414208
1400			32082141			4139089532664414208
1401			32065167			4139089532664414208
1402			32082175			4139089532664414208
1403			32097144			4139089532664414208
1404			32019232			4139089532664414208
1405			32061215			4139089532664414208
1406			32087142			4139089532664414208
1407			32010160			4139089532664414208
1408			32027241			4139089532664414208
1409			32028179			4139089532664414208
1410			32064143			4139089532664414208
1411			32059186			4139089532664414208
1412			32066133			4139089532664414208
1413			32065134			4139089532664414208
1414			32061183			4139089532664414208
1415			32014207			4139089532664414208
1416			32011219			4139089532664414208
1417			32061147			4139089532664414208
1418			32063137			4139089532664414208
1419			32023239			4139089532664414208
1420			32026144			4139089532664414208
1421			32063174			4139089532664414208
1422			32082133			4139089532664414208
1423			32065163			4139089532664414208
1424			32082195			4139089532664414208
1425			32059133			4139089532664414208
1426			32018160			4139089532664414208
1427			32017241			4139089532664414208
1428			32064165			4139089532664414208
1429			32065227			4139089532664414208
1430			32027193			4139089532664414208
1431			32070133			4139089532664414208
1432			32014155			4139089532664414208
1433			32082220			4139089532664414208
1434			32066189			4139089532664414208
1435			32011222			4139089532664414208
1436			32009129			4139089532664414208
1437			32014172			4139089532664414208
1438			32066233			4139089532664414208
1439			32087167			4139089532664414208
1440			32088220			4139089532664414208
1441			32063143			4139089532664414208
1442			32012209			4139089532664414208
1443			32066125			4139089532664414208
1444			32065191			4139089532664414208
1445			32082186			4139089532664414208
1446			32071146			4139089532664414208
1447			32023230			4139089532664414208
1448			32020203			4139089532664414208
1449			32061204			4139089532664414208
1450			32024217			4139089532664414208
1451			32071245			4139089532664414208
1452			32020200			4139089532664414208
1453			32064197			4139089532664414208
1454			32015248			4139089532664414208
1455			32082212			4139089532664414208
1456			32047159			4139089532664414208
1457			32066182			4139089532664414208
1458			32071191			4139089532664414208
1459			32087179			4139089532664414208
1460			32068204			4139089532664414208
1461			32021214			4139089532664414208
1462			32018231			4139089532664414208
1463			32009213			4139089532664414208
1464			32087177			4139089532664414208
1465			32029194			4139089532664414208
1466			32069131			4139089532664414208
1467			32066155			4139089532664414208
1468			32065148			4139089532664414208
1469			32082157			4139089532664414208
1470			32098137			4139089532664414208
1471			32027154			4139089532664414208
1472			32009208			4139089532664414208
1473			32026173			4139089532664414208
1474			32062246			4139089532664414208
1475			32071151			4139089532664414208
1476			32068224			4139089532664414208
1477			32082237			4139089532664414208
1478			32065132			4139089532664414208
1479			32082193			4139089532664414208
1480			32062221			4139089532664414208
1481			32023131			4139089532664414208
1482			32016221			4139089532664414208
1483			32086235			4139089532664414208
1484			32066137			4139089532664414208
1485			32047169			4139089532664414208
1486			32082204			4139089532664414208
1487			32070205			4139089532664414208
1488			32023223			4139089532664414208
1489			32062216			4139089532664414208
1490			32015201			4139089532664414208
1491			32017178			4139089532664414208
1492			32069178			4139089532664414208
1493			32023199			4139089532664414208
1494			32082169			4139089532664414208
1495			32047183			4139089532664414208
1496			32066165			4139089532664414208
1497			32067147			4139089532664414208
1498			32068147			4139089532664414208
1499			32021158			4139089532664414208
1500			32011192			4139089532664414208
1501			32062143			4139089532664414208
1502			32087190			4139089532664414208
1503			32022150			4139089532664414208
1504			32070125			4139089532664414208
1505			32082132			4139089532664414208
1506			32065236			4139089532664414208
1507			32082233			4139089532664414208
1508			32073225			4139089532664414208
1509			32009247			4139089532664414208
1510			32062126			4139089532664414208
1511			32020211			4139089532664414208
1512			32062166			4139089532664414208
1513			32088245			4139089532664414208
1514			32062229			4139089532664414208
1515			32024212			4139089532664414208
1516			32069234			4139089532664414208
1517			32082241			4139089532664414208
1518			32065241			4139089532664414208
1519			32066184			4139089532664414208
1520			32064155			4139089532664414208
1521			32008147			4139089532664414208
1522			32008241			4139089532664414208
1523			32097240			4139089532664414208
1524			32023211			4139089532664414208
1525			32023221			4139089532664414208
1526			32012175			4139089532664414208
1527			32082165			4139089532664414208
1528			32047133			4139089532664414208
1529			32066187			4139089532664414208
1530			32097165			4139089532664414208
1531			32063228			4139089532664414208
1532			32021187			4139089532664414208
1533			32009225			4139089532664414208
1534			32010225			4139089532664414208
1535			32020223			4139089532664414208
1536			32067247			4139089532664414208
1537			32011178			4139089532664414208
1538			32082180			4139089532664414208
1539			32047186			4139089532664414208
1540			32082143			4139089532664414208
1541			32072140			4139089532664414208
1542			32023180			4139089532664414208
1543			32024159			4139089532664414208
1544			32021126			4139089532664414208
1545			32047198			4139089532664414208
1546			32082149			4139089532664414208
1547			32071189			4139089532664414208
1548			32017205			4139089532664414208
1549			32060239			4139089532664414208
1550			32026242			4139089532664414208
1551			32066191			4139089532664414208
1552			32072164			4139089532664414208
1553			32022172			4139089532664414208
1554			32064216			4139089532664414208
1555			32014199			4139089532664414208
1556			32047201			4139089532664414208
1557			32082179			4139089532664414208
1558			32025245			4139089532664414208
1559			32019236			4139089532664414208
1560			32063133			4139089532664414208
1561			32028192			4139089532664414208
1562			32088226			4139089532664414208
1563			32066205			4139089532664414208
1564			32070248			4139089532664414208
1565			32065210			4139089532664414208
1566			32066199			4139089532664414208
1567			32017154			4139089532664414208
1568			32009210			4139089532664414208
1569			32010246			4139089532664414208
1570			32008173			4139089532664414208
1571			32009164			4139089532664414208
1572			32018190			4139089532664414208
1573			32065208			4139089532664414208
1574			32082140			4139089532664414208
1575			32029171			4139089532664414208
1576			32021241			4139089532664414208
1577			32015211			4139089532664414208
1578			32072236			4139089532664414208
1579			32082176			4139089532664414208
1580			32061219			4139089532664414208
1581			32016193			4139089532664414208
1582			32009141			4139089532664414208
1583			32020142			4139089532664414208
1584			32071153			4139089532664414208
1585			32009206			4139089532664414208
1586			32082181			4139089532664414208
1587			32011243			4139089532664414208
1588			32014151			4139089532664414208
1589			32027196			4139089532664414208
1590			32017133			4139089532664414208
1591			32012193			4139089532664414208
1592			32070132			4139089532664414208
1593			32067202			4139089532664414208
1594			32082208			4139089532664414208
1595			32068151			4139089532664414208
1596			32019233			4139089532664414208
1597			32010223			4139089532664414208
1598			32017201			4139089532664414208
1599			32097195			4139089532664414208
1600			32012152			4139089532664414208
1601			32022139			4139089532664414208
1602			32009186			4139089532664414208
1603			32082131			4139089532664414208
1604			32025143			4139089532664414208
1605			32007132			4139089532664414208
1606			32019203			4139089532664414208
1607			32088188			4139089532664414208
1608			32067163			4139089532664414208
1609			32082198			4139089532664414208
1610			32087159			4139089532664414208
1611			32075224			4139089532664414208
1612			32019173			4139089532664414208
1613			32020175			4139089532664414208
1614			32009220			4139089532664414208
1615			32023138			4139089532664414208
1616			32063229			4139089532664414208
1617			32082168			4139089532664414208
1618			32071246			4139089532664414208
1619			32013173			4139089532664414208
1620			32013249			4139089532664414208
1621			32009187			4139089532664414208
1622			32023183			4139089532664414208
1623			32027185			4139089532664414208
1624			32066171			4139089532664414208
1625			32029169			4139089532664414208
1626			32007138			4139089532664414208
1627			32021203			4139089532664414208
1628			32010131			4139089532664414208
1629			32021221			4139089532664414208
1630			32066135			4139089532664414208
1631			32061160			4139089532664414208
1632			32021194			4139089532664414208
1633			32060146			4139089532664414208
1634			32088200			4139089532664414208
1635			32024183			4139089532664414208
1636			32067249			4139089532664414208
1637			32066146			4139089532664414208
1638			32011210			4139089532664414208
1639			32021182			4139089532664414208
1640			32018143			4139089532664414208
1641			32066156			4139089532664414208
1642			32063218			4139089532664414208
1643			32061201			4139089532664414208
1644			32062197			4139089532664414208
1645			32025227			4139089532664414208
1646			32010231			4139089532664414208
1647			32066201			4139089532664414208
1648			32086165			4139089532664414208
1649			32064133			4139089532664414208
1650			32026135			4139089532664414208
1651			32022158			4139089532664414208
1652			32010158			4139089532664414208
1653			32011206			4139089532664414208
1654			32082126			4139089532664414208
1655			32086149			4139089532664414208
1656			32014218			4139089532664414208
1657			32067177			4139089532664414208
1658			32008176			4139089532664414208
1659			32082161			4139089532664414208
1660			32014157			4139089532664414208
1661			32058239			4139089532664414208
1662			32061150			4139089532664414208
1663			32086137			4139089532664414208
1664			32010233			4139089532664414208
1665			32082244			4139089532664414208
1666			32087135			4139089532664414208
1667			32021185			4139089532664414208
1668			32015139			4139089532664414208
1669			32014241			4139089532664414208
1670			32082128			4139089532664414208
1671			32024224			4139089532664414208
1672			32082222			4139089532664414208
1673			32073164			4139089532664414208
1674			32022160			4139089532664414208
1675			32022153			4139089532664414208
1676			32011190			4139089532664414208
1677			32070241			4139089532664414208
1678			32066192			4139089532664414208
1679			32086224			4139089532664414208
1680			32023158			4139089532664414208
1681			32028138			4139089532664414208
1682			32009151			4139089532664414208
1683			32098193			4139089532664414208
1684			32082197			4139089532664414208
1685			32026179			4139089532664414208
1686			32028152			4139089532664414208
1687			32024231			4139089532664414208
1688			32082221			4139089532664414208
1689			32063204			4139089532664414208
1690			32021210			4139089532664414208
1691			32067164			4139089532664414208
1692			32057217			4139089532664414208
1693			32066150			4139089532664414208
1694			32027205			4139089532664414208
1695			32069133			4139089532664414208
1696			32023133			4139089532664414208
1697			32066163			4139089532664414208
1698			32019184			4139089532664414208
1699			32020166			4139089532664414208
1700			32063163			4139089532664414208
1701			32082239			4139089532664414208
1702			32022135			4139089532664414208
1703			32088141			4139089532664414208
1704			32061132			4139089532664414208
1705			32066138			4139089532664414208
1706			32028161			4139089532664414208
1707			32069149			4139089532664414208
1708			32082215			4139089532664414208
1709			32023189			4139089532664414208
1710			32025231			4139089532664414208
1711			32064201			4139089532664414208
1712			32064150			4139089532664414208
1713			32082235			4139089532664414208
1714			32066188			4139089532664414208
1715			32021226			4139089532664414208
1716			32070129			4139089532664414208
1717			32066130			4139089532664414208
1718			32021239			4139089532664414208
1719			32008238			4139089532664414208
1720			32064203			4139089532664414208
1721			32082154			4139089532664414208
1722			32023154			4139089532664414208
1723			32085147			4139089532664414208
1724			32025161			4139089532664414208
1725			32008160			4139089532664414208
1726			32009184			4139089532664414208
1727			32068199			4139089532664414208
1728			32085151			4139089532664414208
1729			32015149			4139089532664414208
1730			32073139			4139089532664414208
1731			32025155			4139089532664414208
1732			32025214			4139089532664414208
1733			32098168			4139089532664414208
1734			32010237			4139089532664414208
1735			32028175			4139089532664414208
1736			32021161			4139089532664414208
1737			32010133			4139089532664414208
1738			32085157			4139089532664414208
1739			32008138			4139089532664414208
1740			32085160			4139089532664414208
1741			32020242			4139089532664414208
1742			32088145			4139089532664414208
1743			32013139			4139089532664414208
1744			32085169			4139089532664414208
1745			32022145			4139089532664414208
1746			32017232			4139089532664414208
1747			32085173			4139089532664414208
1748			32013247			4139089532664414208
1749			32010242			4139089532664414208
1750			32058164			4139089532664414208
1751			32021237			4139089532664414208
1752			32022226			4139089532664414208
1753			32023125			4139089532664414208
1754			32017151			4139089532664414208
1755			32023164			4139089532664414208
1756			32062162			4139089532664414208
1757			32062167			4139089532664414208
1758			32085189			4139089532664414208
1759			32058184			4139089532664414208
1760			32085233			4139089532664414208
1761			32058157			4139089532664414208
1762			32085249			4139089532664414208
1763			32058201			4139089532664414208
1764			32062135			4139089532664414208
1765			32007183			4139089532664414208
1766			32020197			4139089532664414208
1767			32027159			4139089532664414208
1768			32023244			4139089532664414208
1769			32026222			4139089532664414208
1770			32027184			4139089532664414208
1771			32020220			4139089532664414208
1772			32023141			4139089532664414208
1773			32062248			4139089532664414208
1774			32085153			4139089532664414208
1775			32013231			4139089532664414208
1776			32025174			4139089532664414208
1777			32008187			4139089532664414208
1778			32016189			4139089532664414208
1779			32021198			4139089532664414208
1780			32015206			4139089532664414208
1781			32021141			4139089532664414208
1782			32062158			4139089532664414208
1783			32023166			4139089532664414208
1784			32020154			4139089532664414208
1785			32023224			4139089532664414208
1786			32069151			4139089532664414208
1787			32064131			4139089532664414208
1788			32012172			4139089532664414208
1789			32061238			4139089532664414208
1790			32022157			4139089532664414208
1791			32027176			4139089532664414208
1792			32026244			4139089532664414208
1793			32011147			4139089532664414208
1794			32068157			4139089532664414208
1795			32086243			4139089532664414208
1796			32014235			4139089532664414208
1797			32014139			4139089532664414208
1798			32061155			4139089532664414208
1799			32063195			4139089532664414208
1800			32021238			4139089532664414208
1801			32021202			4139089532664414208
1802			32026177			4139089532664414208
1803			32022207			4139089532664414208
1804			32021162			4139089532664414208
1805			32019145			4139089532664414208
1806			32015167			4139089532664414208
1807			32019221			4139089532664414208
1808			32014221			4139089532664414208
1809			32023202			4139089532664414208
1810			32065146			4139089532664414208
1811			32049211			4103060735645450240
1812			32049166			4103060735645450240
1813			32050140			4103060735645450240
